97 68
97 38
90 62
71 31
85 47
18 87
61 32
9 58
6 53
82 91
22 88
24 54
75 11
50 89
75 47
25 37
25 47
86 16
47 45
46 33
17 76
11 85
30 26
3 57
24 64
22 33
94 72
97 43
97 67
2 1
19 33
74 22
72 18
69 47
96 23
10 63
51 34
82 87
55 43
45 80
67 33
72 21
41 49
45 82
94 97
38 16
51 48
72 92
96 42
4 78
38 80
71 99
57 18
92 84
90 45
76 96
84 64
90 24
34 42
73 37
54 95
13 6
54 65
38 57
67 57
5 25
31 43
98 23
44 91
19 57
67 58
26 35
59 41
42 53
85 96
20 10
89 76
97 36
53 7
37 20
38 93
30 9
1 85
51 9
3 85
73 24
24 51
31 70
99 92
18 16
31 43
71 7
35 16
41 9
2 83
77 36
1 9
5 57
23 6
45 9040 60
20 41
87 31
34 77
57 90
32 90
79 31
18 37
67 91
5 74
91 41
73 39
72 61
32 30
26 25
49 22
93 52
25 87
39 51
60 52
62 21
34 94
57 23
64 20
94 81
33 62
56 80
5 43
27 65
77 15
48 23
14 25
15 65
65 70
85 7
32 55
31 15
47 85
5 47
29 96
12 67
37 65
87 45
98 97
13 78
55 8
27 27
9 79
38 88
83 46
71 50
87 22
15 67
58 42
40 65
19 33
93 19
65 20
82 76
88 58
55 78
61 98
35 98
62 36
18 76
38 61
95 57
81 48
12 61
25 42
97 51
99 30
56 11
45 66
8 28
98 40
5 23
41 88
42 32
72 95
54 88
92 72
73 56
29 91
52 25
87 20
60 77
83 41
27 78
66 52
77 22
89 68
10 36
90 39
6 21
67 98
75 10
79 69
83 94
11 8517 56
63 48
49 77
7 29
56 60
6 89
82 50
24 34
40 85
20 26
94 68
40 71
89 66
33 99
83 80
36 48
19 56
63 79
17 97
90 25
8 81
26 86
34 91
36 17
37 86
39 25
58 2
38 4
52 18
21 83
4 74
27 18
40 15
22 96
39 81
81 46
78 98
62 89
25 30
60 7
62 7
86 81
7 74
62 67
63 11
59 56
50 79
33 60
90 84
48 68
59 11
55 65
8 21
6 45
24 51
97 79
22 33
19 26
88 37
24 65
80 6
70 46
46 92
46 98
50 91
1 82
54 41
61 60
56 32
59 23
66 29
14 96
51 78
69 90
53 35
75 35
33 6
32 18
23 12
85 92
92 16
93 62
71 83
10 4
23 58
11 22
23 73
12 88
91 88
96 31
79 32
92 71
86 59
64 12
13 57
67 82
64 100
88 73
50 11
23 952 35
55 63
3 10
46 17
63 6
100 81
49 95
14 10
97 17
42 46
41 21
11 40
9 13
54 6
23 7
28 11
45 51
20 84
87 98
97 80
35 92
57 67
67 29
58 75
8 28
30 62
94 60
98 97
5 49
7 66
95 51
84 30
40 54
28 20
10 55
41 85
91 18
35 13
13 61
79 32
41 20
68 84
12 59
19 7
34 39
91 64
41 96
83 97
90 97
93 28
52 57
97 65
42 45
2 4
96 12
1 76
34 74
72 27
67 82
50 53
64 43
30 76
49 18
86 22
43 15
73 47
53 53
57 14
21 31
58 79
39 38
14 6
19 81
62 59
28 45
57 34
37 53
40 27
28 69
53 64
47 15
26 58
18 59
74 28
12 42
100 42
10 54
12 84
50 1
42 25
93 27
86 83
79 21
17 40
97 56
31 58
33 11
18 80
90 91
72 123 65
82 58
89 17
15 40
17 2
48 8
5 17
65 41
51 24
1 56
8 64
40 89
38 18
79 13
89 52
34 24
89 84
89 55
37 51
36 68
9 96
60 13
61 66
31 50
65 60
45 10
37 13
49 70
2 41
63 14
100 63
20 4
80 27
17 55
89 27
18 46
18 63
82 99
35 7
51 75
21 67
79 10
73 46
14 55
45 78
60 22
78 23
76 71
66 46
10 88
2 94
86 55
96 60
70 2
30 80
6 40
30 68
16 37
51 68
94 89
87 59
61 25
7 29
47 15
4 78
57 70
86 52
87 91
38 73
60 87
94 37
28 89
54 23
53 98
3 6
50 12
83 58
69 8
72 81
7 58
37 54
44 88
31 76
26 2
73 68
64 29
16 93
20 1
23 68
24 46
62 65
97 56
58 41
26 15
43 74
28 98
47 21
20 54
76 3
83 765 64
19 65
79 97
94 6
38 64
38 100
43 73
100 16
4 71
19 69
62 50
18 56
32 25
10 21
2 93
5 8
26 13
75 46
59 36
63 75
22 25
80 36
26 10
30 38
25 69
60 18
93 70
51 36
81 41
52 76
91 17
61 16
88 64
17 84
28 71
63 83
33 57
28 87
35 11
4 41
100 29
100 98
82 9
66 70
90 78
28 72
13 68
54 30
74 7
30 72
31 50
33 39
17 39
4 93
79 36
90 56
98 68
17 6
79 9
57 6
42 34
4 92
100 50
36 40
93 32
48 37
39 56
69 88
11 91
82 20
81 95
35 20
87 15
22 98
63 63
28 16
14 51
90 96
10 38
5 8
97 41
56 8
28 82
49 28
10 9
28 46
85 30
83 38
23 57
7 85
31 54
48 43
83 56
48 29
9 53
38 47
10 96
63 48
71 44
6 9660 69
48 43
96 78
91 92
26 26
56 79
49 19
60 33
87 24
8 98
92 91
61 58
75 12
71 9
7 9
3 92
83 4
16 22
20 66
38 63
15 18
93 17
3 90
49 36
34 38
92 92
100 87
58 31
42 70
46 32
76 74
77 40
64 4
22 51
91 55
53 75
19 65
2 34
29 74
67 62
30 19
2 46
88 90
97 67
33 8
6 20
94 11
7 52
75 35
84 19
49 5
16 36
62 72
67 34
65 96
49 33
97 4
17 12
8 75
32 58
76 60
17 22
78 43
47 79
24 36
89 69
68 91
70 22
84 46
8 82
69 12
52 66
48 50
24 23
12 76
94 23
57 16
21 85
3 11
13 79
66 67
44 85
14 54
40 21
44 74
69 61
88 29
35 93
75 15
53 90
20 94
5 24
42 2
92 37
33 19
66 83
58 12
67 92
10 74
29 7656 74
10 52
30 20
2 38
81 93
71 82
9 20
9 80
16 21
61 51
77 42
29 18
76 16
65 22
57 2
86 81
54 65
91 78
68 69
47 21
76 59
70 14
46 100
99 6
95 57
91 86
93 93
55 13
60 21
70 81
6 59
58 10
86 76
25 3
21 19
7 46
58 17
34 66
24 55
11 56
51 99
32 51
8 48
24 5
90 65
22 84
33 41
42 33
98 81
70 72
85 19
9 9
40 68
50 71
25 48
40 36
12 69
31 69
67 14
99 40
73 99
28 88
70 91
41 48
32 49
19 93
33 97
34 61
17 22
88 81
83 45
2 31
73 37
52 37
80 72
64 7
74 67
90 59
90 78
68 76
86 93
12 96
52 36
89 80
59 37
67 50
30 35
62 37
39 73
22 54
78 54
8 98
57 37
67 21
36 90
90 21
18 20
26 63
26 5
12 4052 47
15 44
88 45
28 18
26 43
83 84
49 43
95 65
65 18
31 88
20 90
80 55
60 38
75 18
95 3
59 6
21 18
40 75
55 53
3 14
77 43
14 48
45 76
88 24
4 68
66 94
58 87
69 82
54 63
28 36
44 83
31 67
2 42
66 94
70 48
44 33
14 15
11 49
7 88
4 6
28 77
36 87
19 53
86 74
62 28
2 17
84 33
47 37
23 61
69 81
81 53
86 23
91 72
86 55
14 81
70 97
30 100
57 78
26 83
7 31
73 43
71 78
15 29
52 13
15 84
13 41
1 25
34 95
81 47
19 51
54 89
67 75
66 37
57 15
51 26
47 84
27 62
81 14
81 66
98 35
19 76
26 73
49 76
43 31
20 87
54 73
20 96
14 42
52 16
1 55
87 18
50 47
28 4
6 69
43 89
92 55
19 87
41 69
37 29
98 2271 35
71 59
23 67
52 4
91 53
27 42
37 98
85 18
87 13
64 80
100 1
10 73
19 11
24 34
98 85
62 59
24 13
94 11
31 82
64 42
16 41
72 10
45 3
84 42
97 37
25 87
40 52
46 60
58 43
56 68
98 76
64 47
85 21
15 41
77 25
83 29
71 90
96 89
47 60
22 60
38 52
91 53
32 67
77 62
18 40
65 93
7 29
91 74
59 57
26 84
43 71
12 83
100 70
51 63
4 58
20 22
10 42
97 10
87 73
41 81
49 48
71 31
81 21
88 52
45 50
7 20
15 97
64 85
30 84
46 6
11 65
13 41
61 72
42 10
21 72
94 11
8 44
39 22
18 96
19 57
49 53
50 42
53 82
99 22
14 56
95 69
36 21
98 61
78 25
56 66
43 45
55 14
22 25
87 93
24 9
91 1
57 5
24 69
95 23
20 408 6
43 13
88 29
2 54
22 85
78 70
27 63
25 27
41 54
56 28
51 1
40 8
42 14
71 38
23 40
91 18
72 15
47 36
57 18
34 43
89 32
75 20
27 35
35 14
67 75
43 88
37 84
83 50
84 40
56 28
60 68
57 23
90 1
81 30
50 19
41 10
63 66
21 87
15 45
30 63
5 40
66 16
40 69
16 99
2 7
43 43
27 16
54 77
73 30
75 58
20 41
56 58
27 19
79 100
61 41
82 82
3 25
79 9
47 53
86 2
22 76
69 64
86 20
13 82
90 29
55 100
77 24
66 26
30 84
77 17
99 58
17 35
24 75
60 66
38 40
69 53
90 29
92 30
96 68
63 44
53 90
70 93
12 43
88 60
76 19
91 90
20 96
2 62
30 44
67 7
46 81
19 46
75 24
53 90
38 47
51 33
10 77
29 100
65 76
42 1893 54
29 57
57 29
35 39
11 62
14 65
25 37
9 70
80 56
61 11
29 57
42 42
80 22
11 69
68 88
35 1
77 32
19 53
100 55
24 93
96 84
87 55
18 28
2 93
83 1
62 25
38 4
31 43
97 78
47 29
2 30
15 57
35 65
93 27
99 71
54 98
72 18
80 10
34 89
67 35
74 95
14 53
32 18
63 76
91 99
23 8
58 80
7 14
48 58
27 41
98 28
17 36
61 56
35 37
11 65
75 28
86 71
91 2
48 71
33 9
27 43
53 56
44 27
23 36
12 97
85 23
3 11
88 64
57 23
43 64
80 71
83 64
83 7
75 49
84 49
98 1
52 45
71 39
61 86
86 59
67 28
3 92
96 80
23 98
89 53
39 84
89 89
6 79
20 45
41 53
14 38
5 62
80 57
44 73
12 46
88 3
8 14
97 40
12 22
92 3133 24
33 40
67 64
70 89
67 32
80 87
62 50
91 51
29 19
8 97
81 75
62 95
76 6
47 60
75 46
72 37
92 51
72 29
24 11
3 41
58 48
70 21
70 19
48 23
8 40
18 71
5 80
44 1
27 67
49 47
46 8
61 4
96 78
20 78
47 8
74 25
2 41
9 58
76 95
47 27
21 6
80 24
2 38
81 95
81 38
67 97
24 55
75 10
47 49
48 84
77 100
43 63
79 35
27 55
63 2
52 80
87 63
37 71
63 29
98 83
18 16
34 23
69 24
61 2
42 12
90 45
44 42
21 41
28 91
55 50
75 90
72 12
47 62
49 81
73 44
54 87
81 38
96 60
18 74
12 100
57 8
77 4
71 96
4 17
34 39
45 27
77 1
7 72
46 83
60 17
61 40
46 68
87 2
86 21
82 83
44 43
35 47
69 6
38 83
97 9257 85
80 85
60 31
88 24
21 78
78 75
88 73
30 6
40 10
8 49
17 5
11 45
1 59
62 97
29 26
72 42
1 12
30 88
36 21
55 36
55 88
31 40
93 26
52 81
60 93
15 33
59 52
100 20
63 87
28 85
17 91
64 63
38 16
22 81
98 23
93 60
3 19
79 3
97 64
31 5
7 7
57 8
57 97
53 89
69 15
39 21
93 39
2 87
7 98
36 91
5 89
82 19
36 9
78 29
91 86
85 98
64 77
100 54
22 36
14 76
31 15
23 61
38 17
77 41
37 8
56 11
81 18
13 75
91 49
20 1
63 62
2 28
40 77
30 80
30 77
28 81
88 4
8 46
30 54
42 47
24 92
38 55
6 99
91 54
8 35
89 7
37 50
27 42
59 89
84 97
97 91
79 88
29 4
86 11
99 50
60 68
40 60
90 54
1 15
27 5014 39
49 56
98 50
72 50
17 100
99 37
100 83
62 1
26 65
81 100
64 20
72 67
57 50
72 62
60 4
70 93
78 97
84 87
100 63
44 62
97 90
50 73
14 36
77 20
19 94
78 78
26 41
13 90
42 85
52 63
38 67
92 44
97 82
78 93
42 13
67 76
36 3
4 9
3 68
57 93
92 43
51 97
24 37
60 3
16 69
34 45
20 51
47 51
81 20
52 69
33 16
55 58
90 43
51 27
88 52
26 91
72 68
13 91
70 20
12 47
35 75
46 1
60 58
54 35
58 65
80 51
75 43
61 97
35 87
29 29
48 15
35 52
80 69
60 99
92 33
18 6
87 13
96 67
37 41
27 77
14 68
11 24
31 7
75 29
82 37
96 55
47 3
81 98
68 19
37 50
79 92
26 84
19 5
33 33
91 31
90 56
27 21
93 95
21 43
61 8237 99
59 52
78 9
51 94
31 81
42 82
74 71
31 9
16 30
35 38
75 90
64 71
70 80
23 17
45 80
34 24
38 36
9 44
39 68
54 1
71 94
20 78
53 88
1 25
10 84
51 83
28 43
97 58
51 10
7 29
84 42
19 47
30 92
40 72
4 29
21 21
98 68
72 71
84 47
45 80
13 95
65 98
86 57
36 16
53 41
15 7
29 33
20 14
4 15
95 39
25 40
97 83
5 26
68 32
48 81
63 49
45 75
70 3
85 26
53 11
86 3
77 20
89 24
11 11
42 77
46 2
52 48
53 99
44 77
26 74
28 26
74 90
65 9
100 32
70 99
45 85
20 35
78 8
22 64
23 24
70 3
25 44
71 23
38 9
90 19
84 28
64 14
7 49
90 79
44 8
44 99
92 52
40 1
91 45
66 80
18 63
5 48
71 85
49 94
100 5681 30
56 94
69 8
97 40
8 55
55 20
67 55
97 46
30 97
66 1
65 13
76 26
39 27
66 58
19 16
46 50
59 44
56 73
14 89
84 29
83 28
35 14
60 71
29 12
77 67
61 80
93 3
74 30
35 62
77 90
55 83
72 98
37 51
82 48
83 37
2 45
10 38
82 70
34 78
95 38
10 40
15 81
16 89
56 39
31 93
48 66
39 79
39 31
62 54
48 20
88 15
28 36
14 41
46 2
97 21
16 32
45 94
11 28
49 16
73 73
41 94
51 93
39 46
11 62
68 18
88 40
2 56
13 2
83 9
57 1
73 60
87 54
30 83
63 42
84 68
45 56
26 46
26 96
41 2
27 68
5 5
5 28
4 39
47 87
1 39
61 32
7 22
93 23
97 54
2 90
62 45
97 76
66 94
85 61
11 43
19 15
10 49
34 9
98 78
98 3980 74
76 97
30 20
90 41
93 51
51 36
34 62
21 25
84 77
61 23
44 23
88 48
83 44
73 82
41 47
27 69
83 86
8 32
42 58
64 94
96 82
76 5
12 63
52 67
29 51
56 43
84 68
22 91
16 92
89 88
88 18
25 51
83 95
31 72
92 11
54 64
88 76
24 53
32 38
39 33
69 16
7 15
56 46
40 96
44 8
30 86
59 36
13 47
76 21
32 29
98 4
30 57
17 19
27 55
99 5
61 89
92 88
26 91
43 27
19 51
64 88
3 65
58 97
47 43
30 32
22 92
19 41
60 71
41 73
36 95
24 8
91 25
98 99
73 62
89 81
50 59
48 81
34 55
74 85
34 41
44 29
67 20
64 89
29 60
22 53
13 73
12 21
72 34
18 58
57 72
59 76
66 50
92 21
74 59
86 39
26 26
24 18
62 9
67 89
77 8565 27
97 22
13 74
69 60
77 8
92 30
96 69
18 23
51 22
71 86
90 48
44 47
76 41
95 84
39 88
55 74
82 43
44 30
21 71
41 55
71 49
23 59
48 28
55 77
70 22
49 30
39 55
100 90
33 65
10 76
32 64
12 55
25 26
42 23
15 49
45 51
36 45
86 87
59 65
65 13
93 51
84 19
99 5
41 100
34 86
90 70
42 63
71 63
37 42
79 16
32 60
56 64
96 4
66 79
10 3
15 40
12 36
4 20
77 14
88 24
29 20
53 45
62 45
52 60
3 33
55 18
58 68
63 10
42 42
77 71
16 83
45 76
59 46
41 37
98 85
20 20
100 24
54 30
79 31
45 29
91 34
86 95
51 96
94 17
95 64
25 21
53 21
76 30
25 3
31 71
72 99
66 15
12 4
73 48
73 5
99 85
57 97
68 55
3 41
48 4047 84
80 36
69 52
60 18
84 53
42 57
1 28
69 44
12 46
86 35
61 79
97 10
89 94
13 24
56 7
21 41
81 12
56 53
73 77
96 44
85 94
38 63
84 63
6 93
70 85
85 40
82 92
73 6
50 89
2 5
32 37
54 26
87 79
75 54
24 35
92 51
95 12
20 90
90 90
60 52
20 9
82 98
44 57
59 10
41 39
21 75
46 24
31 97
83 77
3 70
86 95
89 9
77 78
58 54
5 2
76 99
35 82
97 42
48 61
16 90
86 50
47 64
43 7
23 96
98 46
30 86
88 13
91 73
98 97
5 77
48 38
1 20
7 8
98 91
80 17
43 62
33 20
80 24
81 20
7 36
64 15
90 81
93 53
85 38
39 79
33 30
23 84
56 68
8 36
14 9
30 85
41 10
9 96
21 26
6 52
46 69
48 34
54 8
29 82
36 7080 1
15 58
35 64
61 23
65 69
59 5
30 37
74 90
16 50
88 6
6 22
45 67
16 85
9 22
85 89
79 23
77 8
89 27
23 96
15 65
52 78
70 2
10 76
5 54
76 86
38 72
35 16
87 74
74 19
45 95
99 53
3 26
77 19
92 88
3 70
50 14
99 5
7 96
40 23
42 90
37 9
28 82
75 27
41 6
95 56
89 28
81 55
67 71
77 10
97 18
83 10
91 85
30 14
70 32
71 1
14 77
21 65
28 13
69 78
42 2
78 40
5 88
19 31
92 66
5 97
62 36
36 50
66 52
67 47
32 66
28 71
1 69
70 12
15 11
89 26
35 20
33 52
68 68
63 64
29 79
5 16
81 91
5 96
50 25
84 81
83 5
42 37
94 40
54 49
86 39
72 19
67 99
6 50
24 51
19 87
23 14
53 88
52 66
99 48
96 5062 9
40 29
33 38
53 11
11 80
87 42
49 61
27 90
18 44
76 97
34 52
77 75
100 11
93 65
76 63
47 9
89 62
16 86
1 19
64 75
5 37
20 59
88 47
27 46
65 49
28 51
61 67
36 85
31 39
22 69
90 21
43 91
89 40
17 69
34 80
20 22
78 32
15 66
22 14
38 35
14 13
36 8
26 3
64 82
26 7
97 9
88 46
54 77
61 3
33 78
53 56
24 53
92 82
70 64
62 81
84 34
67 68
16 53
99 28
72 56
93 11
60 70
87 65
53 37
55 31
14 92
17 40
45 40
44 41
76 33
68 85
14 53
70 66
28 13
40 40
16 93
7 99
81 63
61 75
39 88
93 52
94 3
7 64
62 78
50 23
84 91
24 50
36 17
84 88
96 72
75 81
86 83
17 40
35 28
4 60
14 74
28 31
43 44
69 27
53 4110 87
84 24
23 79
1 61
20 32
4 67
78 23
11 35
59 60
5 90
92 91
30 90
67 70
67 66
61 50
66 76
7 85
59 16
36 61
73 99
60 32
56 86
56 12
53 1
41 89
21 20
67 13
4 54
55 35
89 93
27 17
14 82
54 49
44 46
11 84
26 74
10 95
32 31
1 74
32 37
83 62
34 79
3 29
19 97
41 81
28 50
29 79
4 13
99 80
41 38
48 15
89 29
39 73
53 16
50 21
19 63
72 83
72 74
55 84
72 6
95 16
66 76
37 57
37 83
34 28
5 81
4 87
53 14
83 66
41 65
94 83
79 75
33 52
26 6
15 66
95 19
17 5
98 60
42 75
13 65
82 79
100 54
22 52
19 3
6 43
77 25
25 89
71 21
2 81
22 65
40 63
67 10
53 98
19 57
36 4
11 36
65 16
34 54
94 89
38 519 94
29 64
96 10
44 36
31 51
79 74
33 30
72 28
65 37
75 44
36 61
91 54
49 3
99 56
57 91
15 37
91 65
9 11
46 100
61 78
83 40
37 82
62 48
75 21
2 5
57 87
89 82
58 64
47 44
51 4
94 38
97 25
46 15
98 85
35 88
95 21
64 2
92 51
72 72
100 73
60 10
41 9
47 2
36 98
74 8
90 91
45 53
22 42
84 96
10 26
75 10
9 59
32 8
36 49
30 59
34 28
35 12
63 3
31 14
20 19
8 21
76 28
26 17
50 8
72 28
75 99
39 77
24 70
67 94
49 79
24 1
74 98
26 47
26 24
72 50
99 69
23 97
9 36
78 30
22 74
56 27
3 11
22 2
4 75
63 20
19 61
90 1
3 59
10 75
16 53
90 1
76 55
64 15
85 38
48 7
17 82
54 82
19 99
52 96
68 7850 87
42 80
81 72
10 90
7 41
28 96
77 16
84 20
95 43
56 74
8 17
32 43
15 47
36 78
25 41
12 75
78 61
14 87
40 90
90 97
81 48
22 16
10 22
94 38
95 61
38 13
75 99
23 48
98 16
32 21
2 63
69 18
61 8
39 54
47 7
32 31
35 44
62 18
87 48
3 67
22 69
11 42
44 23
29 15
89 28
93 75
86 94
31 87
79 87
38 26
22 94
99 27
15 89
12 65
83 46
42 72
14 20
11 90
19 78
75 82
30 31
29 32
6 39
25 18
66 2
29 11
50 7
28 62
27 11
53 58
79 28
40 37
44 100
78 44
40 67
72 62
58 62
30 37
12 14
56 38
20 61
1 35
70 32
38 16
96 6
99 56
9 1
60 66
75 11
89 44
88 64
92 47
53 99
31 29
66 51
79 9
66 100
58 25
83 91
54 965 71
3 27
88 18
19 35
13 56
90 67
54 74
97 49
74 60
63 81
75 29
3 29
4 56
5 62
19 44
88 37
28 40
93 64
52 14
41 84
20 47
78 44
6 72
64 68
87 3
48 40
88 8
83 35
38 55
12 8
80 41
23 32
83 95
17 2
26 78
9 61
9 40
22 64
21 40
20 32
2 26
77 86
43 2
72 24
3 11
72 2
85 20
31 82
3 79
47 42
65 2
19 98
60 88
32 66
42 23
50 69
16 36
62 8
2 49
77 66
20 27
74 85
43 57
29 67
68 40
100 71
13 1
12 46
65 61
73 7
33 96
49 43
20 33
82 1
57 10
75 98
93 59
16 100
40 30
5 3
25 23
86 97
34 41
100 47
43 1
78 77
38 85
59 77
96 58
79 70
70 36
73 40
94 92
71 96
35 89
10 1
20 42
46 77
73 3
42 399 31
53 87
38 15
72 53
90 61
8 62
75 56
84 7
35 12
100 32
73 38
49 99
27 11
77 14
73 82
59 35
17 47
24 10
72 5
77 25
75 68
33 53
23 74
51 97
79 5
21 84
79 55
49 91
79 36
57 85
38 68
86 92
81 25
37 88
48 84
93 78
35 2
38 16
95 37
31 61
35 53
16 37
94 61
27 34
39 79
44 1
89 41
84 52
22 9
54 37
71 20
73 89
33 43
71 38
33 30
76 2
99 90
100 34
41 51
66 60
9 79
76 50
21 27
12 28
82 52
81 24
7 49
85 84
75 71
64 72
15 33
29 62
15 63
88 68
61 51
15 57
43 1
2 1
58 44
27 44
67 52
64 9
30 30
8 12
23 26
73 33
49 33
66 95
50 69
2 34
49 6
41 5
50 83
15 17
44 29
4 35
6 35
54 29
80 3
62 4982 49
6 41
21 35
52 59
33 26
28 4
17 80
41 84
30 66
54 11
8 89
56 71
10 32
38 7
11 66
100 67
75 98
19 1
21 59
39 96
92 24
4 31
29 96
22 98
78 71
66 66
37 89
90 35
29 7
18 20
85 57
46 49
96 55
40 68
40 28
30 55
83 25
45 22
81 91
37 95
60 9
93 54
79 68
75 42
57 24
53 15
94 48
71 9
35 39
77 67
23 59
98 80
94 19
35 82
26 92
37 26
86 92
57 68
35 88
15 58
47 72
43 12
72 13
76 53
53 66
90 45
40 32
50 91
96 97
29 86
27 72
23 45
97 56
32 40
79 55
13 53
15 17
24 80
33 34
32 7
30 68
7 19
5 26
7 48
86 23
13 71
65 91
75 30
13 82
93 76
58 85
77 68
96 73
19 62
76 95
96 25
26 18
89 63
13 14
28 344 78
10 47
34 29
24 31
5 76
28 54
9 44
64 96
11 55
90 26
89 30
3 77
72 90
62 40
29 88
54 43
50 100
56 89
24 37
10 6
94 72
20 50
38 10
34 99
20 27
80 5
9 61
82 97
73 94
83 15
52 51
88 73
27 91
39 98
95 72
22 88
100 4
79 43
52 27
58 22
35 61
97 27
27 36
84 30
21 53
20 82
58 60
47 82
89 73
79 81
89 85
20 65
31 74
56 9
15 40
68 48
72 70
49 66
55 49
10 92
60 19
26 57
47 19
6 88
6 72
28 7
48 21
63 69
23 17
43 33
79 1
9 19
70 8
32 53
49 82
84 95
53 72
15 75
4 51
58 48
35 35
26 42
99 40
40 72
11 46
32 54
89 14
13 50
47 9
90 85
74 63
65 26
78 97
57 36
4 33
67 23
63 79
69 97
2 73
26 6513 39
87 88
52 10
79 61
9 64
99 16
29 29
77 79
93 16
90 77
3 48
84 59
56 30
17 49
22 98
86 30
39 22
80 32
44 94
92 31
60 57
23 90
78 4
25 17
47 91
72 45
61 58
21 77
20 94
86 97
2 80
51 82
5 85
39 2
10 42
95 10
70 36
30 89
78 44
57 67
11 100
53 5
43 48
71 72
28 49
28 26
74 58
50 32
45 46
20 84
77 1
25 12
73 97
100 4
12 28
40 39
55 49
75 56
20 77
86 6
67 49
83 6
63 82
94 6
45 40
27 81
97 44
77 74
39 40
26 84
84 81
62 63
85 2
100 62
45 15
9 30
75 29
24 100
23 44
44 78
98 72
60 34
95 42
84 92
73 46
6 95
98 95
8 16
86 41
66 4
4 23
69 88
70 17
21 14
29 18
19 69
88 32
79 65
17 32
2 5446 78
97 37
67 17
62 58
70 71
59 41
27 36
69 99
61 74
15 48
90 86
72 7
71 77
64 13
69 34
82 24
81 100
47 9
98 52
67 62
36 65
33 53
5 24
85 40
60 6
42 38
75 85
83 100
50 84
11 31
3 43
88 18
41 24
81 11
47 67
48 53
29 82
83 81
67 4
23 28
7 35
15 13
13 70
99 80
38 44
24 82
53 57
5 76
15 62
77 84
27 19
48 86
62 13
8 49
67 7
20 21
13 72
20 25
40 70
4 95
83 13
40 95
77 21
93 70
55 26
52 67
60 44
4 44
88 13
54 44
27 7
67 20
60 1
71 48
34 44
87 89
65 31
49 65
70 82
71 23
64 21
71 64
45 90
39 63
82 95
76 14
11 77
65 77
18 86
62 60
53 38
72 57
100 54
44 76
5 82
15 5
32 78
20 80
11 96
22 7835 68
74 91
5 20
57 64
75 7
38 41
36 90
58 17
79 95
74 53
49 26
82 42
29 49
69 50
48 90
68 59
90 37
16 64
39 41
49 49
25 85
76 42
35 32
86 39
23 40
65 91
38 37
76 99
28 82
20 95
15 94
38 8
48 44
82 41
76 28
53 76
74 94
2 83
47 6
91 77
92 31
10 71
40 40
68 76
68 57
75 22
76 50
44 35
29 31
83 97
97 4
10 8
51 4
6 69
19 98
90 49
82 99
74 92
75 75
47 94
67 50
16 60
67 43
85 70
28 21
65 72
16 98
44 67
96 2
15 31
67 8
62 84
32 72
39 98
24 37
68 59
75 70
73 19
33 52
57 42
42 98
23 66
83 30
50 95
93 52
76 38
11 97
52 30
95 2
11 70
90 59
96 3
57 55
37 6
17 98
93 27
96 47
65 1
26 67
56 5477 46
47 37
84 85
75 79
47 2
88 8
54 65
82 92
37 55
15 94
80 69
53 97
20 22
79 54
3 54
71 10
6 24
42 56
37 8
96 43
36 90
84 30
74 50
95 85
27 85
97 66
60 40
72 60
46 57
2 11
28 47
55 92
34 87
99 44
82 69
10 26
74 24
37 18
92 55
87 2
34 25
46 59
11 28
51 59
56 86
84 75
44 77
71 40
1 94
21 69
36 77
30 7
88 7
61 68
28 12
48 62
75 83
1 67
92 29
93 80
28 99
10 55
64 81
28 78
5 37
24 93
85 19
47 52
47 15
83 3
20 16
65 47
90 36
16 17
80 94
42 34
43 79
84 58
6 47
41 30
44 8
51 34
20 81
46 67
39 36
10 71
78 52
12 23
15 26
54 34
17 48
32 16
17 7
38 60
64 26
67 52
23 43
72 32
78 20
83 34100 6
12 73
57 12
41 43
34 11
51 41
18 43
48 11
1 57
68 86
9 75
89 16
74 2
62 42
5 99
69 55
22 6
16 20
5 31
9 19
6 34
75 51
80 34
89 36
29 55
59 59
26 42
20 65
81 85
81 56
36 92
72 51
60 14
49 8
91 30
44 48
24 27
66 75
52 70
25 49
83 27
65 8
38 54
23 41
84 25
13 2
39 20
82 87
7 24
81 6
82 57
69 84
32 78
40 93
51 95
52 55
8 19
39 16
5 36
95 18
70 25
50 46
70 10
28 49
59 43
95 65
74 35
5 55
42 64
20 82
25 4
51 2
88 38
78 96
79 36
39 50
60 17
16 89
6 27
4 50
39 87
43 22
68 17
67 19
97 63
28 9
84 18
85 98
66 40
36 27
17 81
52 55
26 21
55 73
30 35
34 73
9 52
5 28
31 6
3 1590 97
64 75
78 21
67 7
43 26
82 21
94 32
73 82
91 65
19 65
91 74
97 64
63 95
77 100
75 11
39 75
81 65
26 31
26 60
33 20
56 22
29 31
54 40
15 67
37 66
36 66
23 67
22 50
90 78
55 53
68 76
40 98
58 83
51 45
44 44
78 99
90 90
27 8
29 70
82 54
26 66
50 87
92 2
48 6
6 91
43 67
47 1
93 61
13 75
55 34
97 77
18 51
24 65
50 84
64 6
1 19
27 27
9 49
41 93
16 2
98 69
81 83
23 89
3 37
97 37
74 9
67 82
22 23
44 63
100 76
58 60
61 10
16 40
21 62
67 46
69 92
95 92
73 68
92 69
13 72
47 29
52 67
25 52
74 36
64 32
43 44
96 3
97 26
80 93
15 21
5 74
16 50
10 40
91 70
90 4
77 19
3 80
53 67
52 98
97 712 60
61 66
24 28
41 33
44 82
49 76
79 20
1 26
28 66
87 98
38 88
23 46
69 73
66 89
58 81
76 58
94 75
4 9
92 50
70 1
93 3
100 23
73 13
82 53
56 84
17 28
91 50
64 5
32 44
37 78
22 81
58 18
66 22
83 10
3 62
52 32
84 93
36 26
60 93
34 51
93 72
49 43
89 65
83 28
89 5
19 25
64 94
87 3
88 60
81 39
18 80
22 64
88 22
58 50
55 63
95 92
58 45
100 3
37 83
37 95
1 92
65 83
40 35
57 85
5 93
4 76
75 72
77 18
75 8
60 79
78 16
89 84
16 27
20 88
58 33
78 13
73 77
85 75
71 57
25 3
69 73
35 79
28 93
16 10
35 82
71 35
89 32
53 22
27 10
22 75
12 74
33 20
68 57
52 66
44 75
78 55
80 36
98 71
13 51
92 6438 8
88 64
81 54
67 40
22 62
86 92
99 59
23 62
24 63
59 46
100 62
82 88
73 18
61 81
16 88
13 44
80 83
81 38
93 95
66 44
30 55
65 1
68 48
71 33
74 35
32 42
89 94
1 53
30 88
3 59
19 18
58 18
71 61
92 24
93 50
43 36
100 14
73 61
10 76
93 39
18 77
13 95
17 18
52 39
73 9
74 13
69 46
75 70
53 72
7 50
14 49
25 26
61 14
19 21
77 36
23 29
40 33
100 100
8 32
54 91
38 48
13 93
99 3
21 24
63 18
24 21
23 30
1 39
80 63
20 95
50 60
54 47
76 71
63 18
100 9
92 27
47 31
12 18
71 94
67 59
77 9
37 20
44 37
74 96
76 41
62 3
60 100
65 9
33 8
36 23
79 64
58 72
78 5
87 93
19 15
38 13
51 28
20 64
45 87
9 388 96
3 52
3 31
1 87
16 86
73 82
68 55
19 34
52 55
94 28
99 93
42 60
36 76
80 72
7 20
53 1
45 16
49 6
55 45
73 25
41 87
29 36
15 7
99 17
17 63
57 19
5 97
6 13
50 11
100 53
29 68
63 38
31 18
90 58
29 12
78 19
55 58
3 40
9 51
96 65
5 87
88 61
99 47
71 37
63 10
70 61
91 46
42 57
21 33
61 55
28 30
87 69
12 15
21 15
5 20
7 30
24 26
67 70
32 74
44 2
47 86
89 51
38 79
43 72
93 84
45 93
56 55
46 98
38 6
6 72
99 58
2 7
73 48
10 63
49 11
45 13
88 94
5 68
17 82
29 46
53 61
72 89
62 61
43 92
6 16
10 11
71 88
45 58
5 13
62 23
32 90
68 34
8 34
45 90
48 97
89 46
38 56
96 34
45 25
7 134 15
76 41
54 3
99 53
100 53
61 62
71 18
86 28
53 70
19 25
43 61
35 42
27 31
75 37
41 58
6 70
7 57
10 81
91 51
13 90
41 60
88 69
25 60
38 41
41 98
10 48
63 49
78 92
26 39
24 69
18 46
19 87
5 85
83 7
59 55
70 39
2 11
39 99
63 64
73 60
76 87
46 39
7 91
2 69
73 13
71 66
21 38
78 48
56 95
91 32
32 64
67 69
89 61
19 69
44 5
6 68
24 12
7 23
7 56
17 73
57 16
47 1
45 62
32 57
33 51
2 56
64 54
59 92
83 81
22 66
32 16
75 7
95 8
69 43
4 27
44 24
66 68
18 74
30 9
61 30
75 2
56 82
50 100
43 88
100 49
77 75
39 68
48 99
2 81
16 3
68 25
1 18
92 21
95 47
36 64
32 87
24 14
5 82
27 99
99 199 49
41 86
58 23
2 29
65 26
8 92
58 50
60 39
58 15
50 50
24 63
38 44
34 41
53 80
89 22
10 71
97 59
32 98
84 66
76 77
39 44
5 5
19 30
92 39
29 39
11 19
21 69
54 76
58 14
80 45
86 59
12 82
94 60
87 97
5 40
19 11
10 41
99 35
29 24
58 81
65 7
50 61
3 3
53 65
56 81
86 41
58 36
58 37
58 33
51 7
49 3
3 95
84 63
14 73
26 73
33 51
10 57
51 92
11 72
94 49
31 50
95 39
79 41
64 18
53 17
22 52
97 16
71 33
58 56
46 52
93 44
2 64
8 8
38 77
52 17
26 2
97 73
47 39
11 71
25 59
82 8
66 81
40 79
71 49
48 18
79 39
51 34
12 7
62 36
67 15
38 6
60 82
44 30
39 9
93 18
45 9
99 34
50 70
67 99
61 4769 32
90 30
90 15
48 89
41 9
78 83
70 79
9 94
77 58
5 70
2 2
21 9
94 99
9 77
36 25
98 98
51 30
33 94
41 74
2 42
25 43
23 44
62 15
92 30
31 64
10 2
56 22
53 45
23 68
97 28
45 44
8 24
88 53
17 90
28 76
21 2
57 75
90 86
88 35
14 70
96 12
10 16
29 23
76 38
20 11
96 55
61 5
35 43
25 67
98 30
40 45
45 89
27 43
12 90
32 86
51 66
90 30
38 64
57 56
35 56
71 46
24 17
49 96
62 69
97 6
69 87
96 60
83 63
45 85
19 87
36 89
10 78
34 78
56 87
14 30
89 43
93 96
44 70
43 64
78 68
30 49
24 41
16 66
22 88
32 56
32 26
54 100
59 93
32 100
89 52
22 1
3 26
30 69
76 71
85 75
62 29
2 76
72 98
1 95
24 5672 8
87 34
25 18
67 13
32 41
62 59
32 81
92 23
90 37
67 31
63 58
3 84
78 27
2 25
45 74
6 83
40 78
1 99
86 97
14 52
73 40
17 61
52 61
57 29
96 13
7 51
63 72
92 37
2 2
16 63
54 20
62 56
54 8
84 50
88 22
75 20
32 81
60 37
15 42
34 27
2 87
35 10
91 23
10 4
37 14
72 14
68 69
68 13
68 60
89 26
91 36
7 7
29 40
1 76
80 39
18 39
42 57
23 36
34 20
21 52
100 89
20 93
77 80
11 8
79 9
41 68
87 25
21 54
28 73
2 77
99 25
69 31
64 22
39 74
1 82
72 59
76 89
14 13
31 22
88 70
63 50
62 19
88 45
6 85
76 52
5 57
77 60
76 16
50 18
23 39
62 70
7 64
62 41
68 85
25 66
98 59
47 66
94 95
39 90
81 427 10
72 66
49 67
62 6
46 61
11 76
95 44
11 42
29 57
84 94
40 22
2 79
56 58
47 61
95 62
3 79
63 49
53 15
87 27
100 81
61 95
63 84
4 23
40 18
84 53
69 3
62 75
55 22
14 55
91 52
89 2
63 26
28 39
66 66
95 84
10 29
3 84
39 64
31 80
77 9
90 69
30 13
65 92
82 16
21 66
40 61
47 89
74 25
96 27
14 31
14 10
67 26
88 77
79 78
98 87
14 97
28 18
61 70
53 83
26 37
57 73
76 75
7 60
39 48
10 9
85 30
75 84
8 72
91 89
39 85
80 99
81 43
34 63
1 77
16 13
4 25
37 62
53 98
17 79
43 66
41 93
38 8
70 30
32 70
74 76
71 70
70 85
79 67
79 39
38 79
20 74
24 43
2 48
61 75
51 73
54 17
30 68
31 68
47 82
52 8243 78
11 23
74 49
66 29
41 56
31 34
88 77
61 9
20 87
99 57
59 59
30 3
64 100
39 59
47 26
43 38
39 95
59 56
94 90
58 81
98 22
38 50
64 39
51 29
7 24
58 25
24 36
78 89
97 47
82 80
53 98
90 56
61 36
32 44
89 69
66 46
43 67
42 30
37 67
43 65
66 89
4 82
50 86
32 51
27 96
88 84
85 60
40 46
71 91
36 99
28 5
63 50
43 44
47 18
38 90
5 83
7 84
60 81
66 59
53 57
83 79
8 54
8 54
38 89
75 50
28 86
26 16
85 64
24 74
81 51
27 100
96 8
12 44
22 13
67 51
40 3
45 44
68 34
73 12
31 97
90 72
93 24
3 16
42 35
64 88
52 28
93 76
8 100
89 9
90 98
45 99
61 93
25 60
27 73
44 31
56 26
95 57
1 89
3 85
97 6048 66
12 21
15 76
6 75
96 79
35 45
41 59
57 7
94 93
69 66
37 11
80 4
8 77
53 2
71 56
72 76
92 88
77 35
85 61
38 21
60 42
27 85
62 75
100 73
18 45
98 86
65 48
44 39
99 96
78 15
78 17
43 45
16 82
75 17
15 90
95 85
96 78
73 90
24 10
85 66
71 23
82 84
19 49
100 3
77 11
82 22
76 36
15 64
51 13
14 20
38 85
46 69
25 12
73 77
71 29
21 36
81 23
86 92
23 47
95 39
22 20
7 93
1 48
60 57
34 79
98 87
37 23
78 52
66 39
91 78
8 92
15 33
2 41
44 55
90 94
13 97
78 33
31 8
86 22
57 4
37 22
23 27
80 11
92 1
53 66
43 39
62 54
88 79
88 49
45 88
3 45
7 47
4 29
28 74
26 33
98 48
44 49
93 95
47 66
23 784 24
81 22
65 4
95 36
36 99
1 92
50 25
81 59
29 76
24 51
74 3
32 95
98 52
96 3
31 48
4 25
80 78
21 99
5 41
81 5
50 92
8 74
59 89
22 23
61 6
57 92
28 73
75 20
13 55
29 56
43 84
7 95
1 65
11 9
51 18
90 50
86 75
66 38
27 19
31 32
60 68
89 60
82 34
26 86
87 46
34 1
8 43
35 24
83 54
72 68
6 79
41 75
19 44
36 25
29 44
3 6
10 25
70 48
87 68
26 79
41 90
56 66
96 21
28 28
89 43
58 33
14 67
78 96
83 47
84 70
41 15
7 21
46 56
55 27
80 28
90 25
14 81
32 52
97 13
39 3
69 62
66 71
72 24
38 97
100 80
39 22
8 62
2 81
5 11
16 1
51 17
23 41
20 77
12 11
86 40
96 61
33 98
84 67
23 99
81 933 67
86 64
29 26
81 14
3 17
64 91
98 40
12 27
77 9
77 89
80 22
62 42
77 71
72 24
55 23
42 90
79 57
51 57
24 46
19 83
100 82
73 16
17 89
54 71
26 45
20 13
82 54
21 29
71 97
39 14
52 78
41 22
42 5
92 24
85 71
25 90
47 11
98 73
66 68
56 13
95 62
19 52
24 33
94 100
41 45
55 94
31 17
27 7
14 99
71 29
93 9
82 89
57 70
95 89
35 60
19 9
95 70
4 16
42 79
21 57
4 21
57 7
35 11
24 15
64 87
94 69
19 20
43 34
18 1
8 84
19 57
7 7
56 67
85 25
44 7
29 6
52 11
42 58
16 29
55 75
31 5
19 75
15 43
36 7
74 39
37 67
15 1
35 35
96 19
32 73
27 2
95 73
61 50
92 86
27 87
21 31
13 33
28 83
10 99
79 557 40
70 73
9 46
39 84
80 84
23 71
18 39
90 47
66 34
1 31
87 44
61 31
44 24
43 46
6 7
55 32
26 96
66 47
47 41
96 64
79 65
96 88
74 60
55 80
53 27
83 22
76 69
76 27
77 4
82 35
41 4
14 28
14 71
39 8
89 33
86 97
87 43
54 50
62 31
21 12
84 50
24 2
50 86
9 51
72 39
12 11
31 34
49 69
73 22
37 72
93 83
68 96
66 4
80 81
30 76
13 91
67 73
14 24
70 58
57 63
21 76
44 5
90 40
95 43
43 83
30 52
49 99
22 13
37 93
76 27
78 40
38 73
76 26
83 83
55 50
51 54
87 55
92 10
88 35
48 58
63 4
55 55
24 40
21 32
92 99
73 63
54 11
1 21
1 72
14 76
25 66
28 90
35 52
91 73
73 59
69 66
39 32
48 22
23 99
77 4574 81
46 6
7 37
86 93
56 59
50 77
85 21
64 57
13 16
56 70
79 27
94 18
25 3
85 4
92 75
37 48
57 23
97 18
24 89
28 55
74 11
33 77
10 48
26 89
41 65
97 14
16 64
86 12
57 81
86 90
5 54
82 77
95 77
21 15
50 36
71 41
6 12
58 1
84 79
30 52
87 69
53 100
75 18
94 14
97 7
95 63
41 14
79 32
37 27
62 12
15 57
16 57
43 87
20 8
63 5
53 19
58 27
60 80
28 80
53 37
71 91
93 7
77 83
1 21
58 62
100 81
41 9
99 68
48 3
53 23
32 31
99 90
31 99
78 31
48 59
84 9
85 15
30 11
96 55
75 43
80 53
11 43
40 44
3 19
34 31
16 88
90 89
51 49
90 33
87 9
50 87
55 38
25 34
87 94
98 60
18 3
37 91
35 21
98 62
72 4829 41
45 62
1 6
90 32
55 78
67 25
22 7
12 56
79 80
33 44
15 18
2 14
78 30
44 75
81 98
87 44
84 32
72 18
45 79
11 71
21 4
34 75
36 56
46 63
57 17
6 82
8 14
85 14
3 1
18 50
24 8
4 34
73 57
12 7
99 55
30 6
41 17
52 91
77 90
75 87
73 53
47 83
40 24
98 88
88 21
45 13
71 62
6 64
54 38
59 66
22 20
53 4
19 64
21 86
96 16
47 84
32 9
37 24
47 72
83 56
96 56
5 45
19 74
50 65
48 17
92 86
46 23
93 79
75 41
25 28
69 55
27 77
66 16
18 32
29 57
32 2
84 24
34 17
59 45
59 12
83 4
59 79
4 59
85 93
57 44
56 4
97 6
99 32
43 49
44 72
83 84
46 26
88 67
28 82
71 2
34 63
22 61
8 6
7 74
94 456 69
62 14
67 67
94 47
58 38
5 23
80 36
81 40
100 63
67 51
96 18
14 48
39 23
51 2
67 69
3 26
1 52
11 14
67 75
44 64
12 46
83 53
53 34
4 88
32 19
47 72
44 73
64 41
80 14
24 7
77 79
14 4
92 66
72 17
97 61
3 65
17 38
21 83
40 98
68 97
15 59
9 10
30 58
8 16
38 99
80 6
71 66
63 66
93 46
79 19
94 59
52 47
25 8
90 32
7 96
20 73
94 28
83 68
83 42
85 94
44 80
17 71
99 27
67 88
55 40
45 67
49 30
21 18
8 18
12 69
5 39
29 54
53 88
2 10
24 25
11 43
28 87
16 92
33 93
65 42
19 72
23 45
90 46
30 62
97 18
78 49
95 64
14 33
27 65
51 37
74 38
7 35
56 87
41 100
27 94
2 31
89 74
15 82
50 46
66 9125 46
23 96
47 70
24 19
10 90
84 41
85 74
21 74
77 12
96 36
87 71
54 1
77 62
58 49
16 38
70 69
84 45
1 15
75 90
30 70
88 15
10 36
91 65
44 39
39 6
22 98
60 59
96 3
39 1
93 78
96 76
14 15
14 76
11 61
99 48
65 75
78 36
70 13
82 10
48 40
33 77
17 66
95 55
69 32
58 14
82 46
74 90
76 71
86 89
25 83
13 31
24 54
28 17
30 5
73 22
18 75
97 70
14 86
35 59
72 10
87 4
11 12
95 85
31 12
61 38
22 36
51 89
64 99
85 26
88 46
12 85
74 18
93 3
90 37
20 62
69 87
86 50
14 61
62 44
57 65
71 61
64 48
36 23
16 33
79 36
14 76
88 50
67 15
50 22
59 100
78 89
26 72
7 21
61 16
31 56
74 79
44 44
38 16
61 84
41 8252 26
46 97
56 6
26 35
31 14
14 85
13 52
76 29
38 66
70 14
78 41
11 30
56 66
32 59
100 46
3 84
77 96
34 84
44 17
74 95
14 95
56 72
38 15
66 38
30 69
31 22
84 91
32 55
10 7
82 50
23 37
33 77
61 90
92 18
100 78
52 89
93 49
7 79
72 33
53 83
100 31
70 44
60 37
48 4
3 3
100 92
18 63
19 79
34 20
31 5
77 26
55 46
1 53
17 73
56 54
72 64
60 23
13 61
55 47
43 78
27 11
26 45
63 54
30 40
30 22
6 57
74 28
24 34
50 85
5 39
92 12
76 57
9 53
31 40
19 79
98 84
34 18
16 82
40 82
98 78
10 85
31 44
39 45
58 32
87 39
2 3
10 25
96 73
73 65
7 17
74 3
89 72
59 7
86 38
68 5
70 50
10 76
81 37
1 21
34 2674 10
14 17
54 21
2 66
46 51
63 69
87 63
67 49
48 80
5 70
76 9
47 12
33 38
19 93
2 36
80 59
33 34
95 20
30 38
2 62
69 92
70 60
47 89
65 46
35 20
51 21
66 86
40 36
85 89
39 46
57 61
23 38
9 67
87 96
96 58
49 27
90 54
24 40
41 23
14 17
48 20
49 71
48 74
74 50
88 81
28 96
27 97
39 25
66 89
73 98
7 21
3 75
28 31
33 15
85 61
51 36
93 6
91 33
81 67
48 13
91 60
90 34
98 31
61 70
23 21
48 45
88 28
95 19
89 38
44 13
19 5
75 100
8 20
13 87
74 29
7 67
6 55
81 80
45 80
65 22
41 9
98 73
33 51
9 83
39 83
75 69
35 17
15 38
31 88
80 59
86 9
50 34
96 3
81 15
92 32
38 45
56 19
98 35
64 58
38 8751 6
65 23
74 53
26 100
7 24
62 43
5 87
26 76
38 3
62 2
51 55
96 3
96 2
72 3
36 84
50 95
92 55
66 20
72 95
53 79
23 95
68 7
27 63
46 7
88 3
68 61
19 28
73 52
49 70
68 27
82 66
68 87
72 55
30 27
59 97
79 55
74 69
95 94
85 48
27 20
14 83
91 97
3 96
50 4
26 91
46 61
53 72
41 55
25 81
77 57
9 99
77 63
51 59
33 24
54 91
81 16
88 3
87 17
40 62
85 99
12 46
34 13
73 49
44 14
60 69
43 53
53 54
67 89
99 59
96 22
10 60
15 85
97 51
56 2
48 79
46 40
19 49
44 78
26 70
86 78
93 30
32 87
75 98
12 36
90 43
74 99
85 42
69 12
6 16
66 67
53 95
72 93
27 38
8 16
85 30
98 17
47 67
49 64
88 11
16 31100 66
1 68
60 70
40 65
51 49
65 85
46 89
36 5
16 24
14 76
5 70
69 72
88 53
48 35
38 12
72 40
56 60
31 60
86 11
24 19
76 54
65 87
100 30
14 23
1 15
78 77
2 22
34 8
22 69
10 81
32 90
60 21
67 41
58 63
44 74
36 52
93 15
14 33
14 94
20 40
7 43
64 12
28 46
30 3
82 16
71 49
3 77
35 3
85 13
28 86
80 31
89 43
49 8
5 16
4 76
13 48
34 17
72 20
56 41
64 50
75 33
51 35
45 48
30 26
98 32
75 76
44 22
10 75
21 45
56 67
82 21
95 7
70 31
42 49
89 96
77 89
23 16
27 20
77 24
84 34
1 59
94 1
43 58
63 97
45 3
40 54
81 13
34 21
98 95
74 52
91 54
29 92
60 25
33 8
91 88
98 59
16 29
12 22
90 4
58 5441 80
86 98
12 15
91 38
99 79
52 84
47 72
43 34
11 96
90 25
27 65
11 21
9 62
83 51
87 31
56 96
20 50
12 3
67 60
70 50
37 17
1 73
32 66
95 73
56 37
55 97
22 15
44 16
77 94
50 43
36 80
44 84
31 40
51 67
22 36
6 77
8 85
91 24
14 56
78 12
6 33
66 60
83 86
84 60
43 29
41 58
93 47
16 54
46 34
48 25
54 74
91 35
64 85
63 41
21 89
24 50
11 91
5 53
59 29
72 32
33 35
47 80
96 87
84 2
81 37
1 86
86 87
50 99
92 2
13 99
42 93
12 9
85 30
74 56
12 68
27 26
93 49
22 50
99 37
33 48
3 87
32 28
38 51
63 59
85 21
6 10
28 10
27 63
25 72
46 58
48 5
94 88
36 73
49 80
57 1
90 92
86 86
79 87
91 45
25 453 5
32 66
43 58
92 45
79 77
50 50
91 6
61 71
18 97
48 73
27 14
88 45
32 88
88 41
28 38
97 62
34 6
45 65
8 26
16 83
14 19
37 32
23 68
91 36
43 32
63 5
35 14
43 41
10 87
37 97
89 62
30 2
85 12
51 44
94 9
14 37
95 19
70 65
70 94
52 37
50 98
2 40
39 82
74 42
4 82
24 68
26 12
45 49
49 91
32 33
21 96
39 23
35 66
39 52
35 85
49 91
44 72
37 99
11 13
1 58
65 73
59 64
96 65
69 67
74 23
54 43
29 79
30 93
87 91
26 10
58 33
90 62
85 8
48 42
29 45
21 67
98 49
32 53
6 24
43 80
56 13
19 63
79 49
36 95
2 70
65 22
92 25
62 77
85 60
75 32
71 50
54 2
83 56
58 53
76 87
86 48
63 20
57 68
74 11
56 482 59
59 33
24 82
57 18
59 3
14 97
72 58
95 39
40 40
65 95
19 43
15 67
58 31
54 86
42 53
75 94
49 78
68 18
58 28
41 88
32 96
25 86
53 39
61 90
25 96
56 100
42 95
90 60
18 32
69 38
12 62
8 95
73 88
71 49
95 42
71 54
64 82
80 46
80 5
51 55
17 24
13 42
1 85
46 25
87 63
49 79
35 7
20 89
78 71
50 83
17 21
74 66
59 38
76 73
23 85
14 38
89 40
75 29
84 34
19 48
81 58
72 2
51 19
91 34
86 1
88 63
30 41
95 54
53 33
87 32
77 63
53 15
81 4
2 44
48 69
6 11
35 94
29 66
12 36
84 83
31 13
41 6
54 41
37 40
41 48
70 62
95 83
65 97
33 53
78 31
88 96
95 52
51 56
7 80
95 36
40 28
58 19
37 31
63 22
97 5028 17
93 60
32 76
1 34
36 37
91 47
100 32
9 40
23 55
4 78
11 99
86 69
71 67
28 30
43 4
10 69
14 62
77 1
80 3
62 76
4 78
93 15
89 32
8 15
64 39
31 67
8 63
2 42
26 53
86 56
85 26
82 9
63 46
24 62
55 76
75 49
83 19
52 87
49 14
54 93
97 88
52 53
38 21
73 71
82 74
99 8
98 5
21 62
99 54
75 74
82 18
97 87
49 4
28 48
67 87
36 22
4 46
23 48
50 60
47 51
44 21
51 58
60 97
32 71
33 52
43 25
60 86
96 3
60 42
41 65
84 26
4 73
39 53
16 12
43 14
7 80
68 37
62 47
37 77
86 94
82 25
10 56
17 19
67 5
66 47
63 91
70 48
74 72
43 58
19 62
62 8
22 73
50 100
56 75
93 30
12 14
2 42
22 34
37 83
82 2581 89
2 53
80 37
73 74
84 80
52 77
37 86
55 5
82 78
5 77
10 52
22 6
64 46
93 91
45 11
2 95
79 86
54 64
46 60
70 2
49 95
95 6
86 47
95 97
91 33
21 33
14 66
39 60
70 77
49 24
88 98
43 91
92 76
63 99
28 2
5 18
87 35
72 40
84 48
1 50
98 94
44 68
40 45
20 94
22 67
36 73
55 62
48 80
74 78
37 98
31 31
24 36
86 8
71 24
68 52
70 82
11 50
87 25
25 56
48 69
53 20
64 96
68 24
13 28
79 28
65 50
34 74
42 5
98 10
48 37
100 36
66 38
22 100
56 36
75 100
31 21
71 1
80 92
21 63
68 1
100 67
9 86
1 32
1 69
51 94
75 71
10 4
20 70
6 48
36 74
8 37
3 23
95 80
47 50
49 37
10 97
69 29
34 50
81 61
45 1676 6
32 55
14 100
92 98
81 50
51 34
44 91
13 4
59 87
91 100
73 59
2 62
74 64
64 51
1 80
11 62
51 28
24 96
90 95
67 61
85 46
94 65
41 61
84 35
17 41
23 66
95 68
57 81
38 83
80 77
1 58
71 87
2 99
45 23
100 97
41 29
2 48
31 70
49 40
89 39
6 62
34 78
65 86
46 11
58 46
44 83
14 11
96 39
1 91
48 23
47 60
49 93
94 73
16 97
91 3
63 72
17 70
34 19
43 18
2 86
6 37
54 61
18 90
18 45
14 5
65 48
56 54
95 12
3 16
39 79
40 3
24 1
20 45
86 22
79 67
84 63
46 56
96 19
59 36
75 51
55 23
13 7
66 24
68 95
59 20
25 83
50 24
80 76
41 80
62 93
51 94
78 49
14 71
12 54
89 57
36 3
45 55
42 83
61 89
92 3920 59
91 22
79 10
56 15
9 38
22 96
66 35
84 54
57 23
60 14
50 88
15 63
56 43
69 89
97 50
82 50
82 89
67 79
46 36
35 24
48 18
74 53
61 45
35 81
36 47
2 21
16 58
88 69
92 53
11 32
34 51
43 9
75 68
47 83
48 66
46 29
25 78
66 79
22 1
74 93
99 39
88 42
50 59
6 34
89 12
34 32
65 55
38 56
13 65
18 61
20 46
41 11
14 90
82 43
63 79
86 32
46 59
4 86
25 10
94 70
66 73
80 50
69 63
88 27
49 61
79 33
70 82
87 90
5 16
54 51
60 46
99 36
40 3
64 39
15 16
43 25
24 34
83 53
55 47
72 78
19 55
76 28
46 7
40 94
27 81
2 91
91 27
64 14
94 23
86 97
50 92
18 83
87 29
25 62
5 86
3 25
55 3
4 57
17 40
81 5980 2
2 78
54 74
18 59
48 76
49 43
34 68
83 68
82 92
40 24
57 57
28 39
72 73
90 100
46 74
86 52
55 6
86 12
64 78
76 57
50 53
29 41
33 53
24 31
19 9
94 3
43 88
24 90
39 29
32 98
89 49
66 67
45 69
50 45
42 20
50 69
88 49
69 43
77 98
4 34
60 71
10 32
69 50
39 76
8 64
69 55
26 80
82 95
22 99
18 59
90 72
6 75
57 10
95 42
29 13
1 51
86 14
31 55
49 80
24 7
39 88
73 5
50 44
73 35
54 68
2 31
42 81
89 50
22 72
94 10
70 67
87 36
60 87
35 18
74 38
55 21
83 7
47 43
16 29
32 8
1 48
67 43
5 56
38 24
51 69
90 6
90 7
91 55
24 24
13 99
89 23
9 11
2 92
17 50
88 54
26 19
98 8
43 74
32 49
74 3652 94
95 62
19 15
49 21
100 7
5 46
12 60
58 81
54 11
62 96
91 36
16 78
62 55
51 49
90 11
76 41
84 84
49 79
92 64
36 67
33 54
30 2
53 21
85 59
64 80
6 100
16 87
77 58
81 77
59 11
39 19
78 93
85 78
48 16
62 85
45 95
71 15
38 67
79 73
71 45
11 51
41 35
23 50
62 71
95 90
68 1
27 25
48 10
29 32
76 25
44 64
83 26
98 98
64 30
71 61
27 7
49 97
95 64
65 70
79 81
83 98
72 17
91 100
55 17
45 2
17 91
62 6
78 35
57 77
12 82
36 12
81 80
40 37
8 32
36 62
39 28
27 37
93 82
62 41
54 38
12 8
55 61
84 98
4 84
17 65
90 55
62 88
51 98
29 78
96 94
6 4
90 91
97 32
45 25
40 87
58 42
80 2
38 28
35 97
86 830 99
78 58
73 46
94 24
76 74
55 2
79 66
61 68
26 61
25 89
69 67
39 98
3 89
58 7
22 55
27 90
96 37
24 7
22 57
29 73
32 9
65 45
73 36
36 93
69 10
86 43
82 5
56 1
34 12
23 15
25 11
20 88
46 29
8 24
44 19
17 46
31 1
55 50
54 83
54 12
88 38
66 25
42 45
18 78
28 51
49 95
60 54
88 16
6 42
58 88
51 41
77 83
43 79
79 54
57 87
75 51
69 49
75 90
54 6
72 25
27 66
12 87
96 20
41 4
10 57
94 72
63 78
91 77
37 32
70 72
74 40
32 55
69 99
84 75
84 33
22 41
73 65
97 48
52 53
75 6
51 80
72 66
9 8
47 74
33 23
76 85
98 93
93 97
52 29
100 43
34 37
85 72
19 16
62 25
93 44
51 95
92 68
8 17
4 40
54 8798 24
42 79
8 87
49 71
97 25
69 75
79 91
61 8
29 36
12 62
57 1
12 87
47 70
55 10
32 1
95 71
69 91
30 69
12 17
41 54
98 13
54 98
12 7
45 43
3 63
23 28
98 42
47 14
26 29
39 20
78 53
39 84
94 32
9 36
55 88
36 58
25 20
34 60
51 57
26 91
60 71
88 59
23 89
76 36
14 57
85 100
1 93
34 45
93 71
12 34
8 60
3 30
3 14
43 90
10 92
39 53
37 51
97 90
25 78
78 76
3 18
21 37
9 76
83 85
18 9
97 51
83 69
33 16
75 87
76 63
61 49
33 1
42 99
8 41
59 10
57 20
92 28
28 99
30 35
91 62
100 85
73 74
32 50
15 63
95 88
21 36
82 15
32 59
31 19
43 44
1 93
87 22
79 76
88 55
29 66
21 74
60 34
93 83
20 28
56 7457 15
70 40
43 7
58 3
40 12
15 24
99 95
1 88
94 96
94 28
73 96
25 31
74 30
55 35
74 22
1 78
50 10
10 67
63 77
66 9
88 17
5 21
73 35
17 52
14 74
91 67
38 91
85 55
10 89
57 69
62 9
50 32
98 44
91 38
23 32
2 4
76 5
44 69
100 94
43 35
98 45
57 15
81 84
22 87
59 57
29 73
17 93
22 78
80 69
12 8
37 73
70 46
72 90
55 63
35 52
10 10
92 85
74 93
25 90
82 79
19 59
85 4
97 97
81 65
82 65
41 90
87 52
47 81
88 95
60 32
31 32
75 71
38 34
88 55
30 51
77 91
72 80
88 70
80 10
84 61
26 96
14 83
13 40
93 83
79 72
29 54
47 7
65 87
81 21
9 12
84 55
51 27
75 39
93 85
86 4
63 54
45 11
99 23
13 30
43 8658 94
16 25
43 85
1 50
9 68
51 73
8 100
10 58
83 84
66 7
5 99
13 36
18 44
8 59
65 42
74 83
17 83
60 16
27 1
67 43
46 37
4 76
85 72
25 14
98 55
2 24
55 46
79 3
55 41
57 23
80 55
53 66
12 37
84 91
27 28
45 76
35 75
10 57
67 63
86 82
22 60
92 7
100 37
36 78
50 49
35 93
95 2
60 51
15 7
82 58
68 49
78 80
65 34
11 67
3 71
57 93
80 40
38 64
62 2
76 35
76 48
16 55
8 87
5 30
69 93
17 38
29 17
60 10
100 54
2 58
32 30
51 20
68 85
99 28
59 83
85 56
57 10
29 89
85 65
53 99
71 7
81 3
47 32
75 32
28 51
6 15
58 4
68 88
13 93
7 66
62 64
72 59
17 20
82 66
53 5
59 94
53 69
6 96
12 50
68 8892 86
13 89
33 98
71 63
84 79
46 95
43 23
52 14
19 100
27 22
37 43
92 10
35 88
92 61
2 6
91 67
26 37
26 44
34 8
92 14
2 23
16 58
39 30
67 22
28 76
41 82
24 38
91 77
33 82
83 67
57 69
7 53
60 42
33 1
84 90
100 85
96 21
1 11
61 69
65 31
64 63
46 73
58 63
89 25
90 29
6 25
35 18
5 10
14 56
77 79
79 15
43 92
13 33
17 31
5 17
71 9
75 93
87 79
87 41
85 23
7 100
83 7
42 50
28 14
30 23
8 11
95 64
44 87
32 72
84 5
79 90
68 24
96 94
65 81
16 82
77 80
52 23
9 22
57 49
12 13
98 8
85 44
61 89
40 97
68 41
6 74
60 88
5 16
5 26
62 55
28 44
37 22
60 38
41 14
80 34
27 91
88 53
8 51
72 61
50 8086 15
87 33
83 22
30 77
24 70
28 91
7 11
18 74
77 38
53 37
60 46
98 47
58 91
89 95
89 53
51 94
62 32
99 50
56 33
46 74
46 12
61 75
21 48
76 48
29 21
70 65
68 89
68 43
20 79
68 12
2 92
94 97
87 8
38 90
52 37
89 81
6 46
99 91
27 7
38 84
41 69
12 42
100 3
30 9
100 96
65 63
37 63
96 59
38 13
44 44
86 21
40 56
58 55
52 30
64 16
88 14
85 57
75 95
37 11
27 7
76 50
24 83
41 62
48 49
80 44
37 89
54 70
39 76
16 71
42 36
25 74
99 1
68 93
51 36
34 5
53 31
29 9
89 48
47 9
3 88
78 42
29 24
76 19
97 14
45 63
99 94
24 30
19 31
67 17
72 10
99 23
60 34
27 90
28 19
5 75
52 70
67 42
5 53
41 18
59 2461 49
53 3
43 67
15 18
82 86
95 100
28 35
53 12
58 67
94 32
29 53
100 56
2 96
19 53
100 56
64 71
35 99
19 56
53 58
72 44
49 46
66 71
6 85
59 9
53 46
17 38
43 86
87 41
26 16
84 63
21 44
8 23
12 87
8 92
43 35
97 95
20 95
14 69
75 11
39 13
57 94
50 57
41 11
92 35
80 34
37 32
41 16
45 76
73 7
66 63
3 46
27 8
98 64
44 5
74 83
41 12
90 47
41 29
5 40
83 65
68 38
76 27
27 89
44 1
59 82
28 62
27 46
89 75
97 97
82 57
76 89
76 2
100 25
2 67
6 73
65 90
13 33
78 92
83 86
100 24
65 81
18 76
67 43
24 100
3 46
90 53
71 59
97 15
23 12
66 75
93 85
18 60
77 58
64 100
13 12
35 68
14 34
47 54
41 39
3 67100 83
30 57
78 47
39 18
70 65
23 52
65 48
13 13
66 88
12 7
98 67
45 88
57 54
89 31
71 40
7 24
70 52
91 6
13 65
34 65
70 50
22 74
90 92
99 63
53 13
12 83
5 79
7 70
79 66
7 39
8 47
12 99
35 46
26 40
85 58
19 10
95 1
76 9
28 71
99 48
26 65
26 2
66 51
72 8
100 17
37 67
37 3
73 100
28 32
34 82
33 34
14 2
49 37
35 50
43 46
86 5
20 86
28 72
9 64
77 67
39 67
91 90
16 61
70 58
29 94
62 20
69 45
10 69
75 30
41 33
8 12
55 6
60 17
1 4
83 53
22 3
94 64
61 25
55 85
96 87
42 32
76 30
93 54
72 31
83 76
4 41
26 38
43 23
94 47
28 66
47 27
30 28
3 28
99 91
30 30
27 29
14 6
6 97
10 78
91 8043 35
54 82
82 12
81 52
94 83
79 71
54 18
85 38
95 84
17 44
19 97
58 45
95 20
30 93
31 5
16 4
47 76
93 37
39 33
98 72
72 65
32 2
42 33
29 73
13 6
15 77
92 2
77 19
11 27
7 89
76 14
75 47
61 2
63 49
96 22
13 5
99 65
13 67
81 25
43 1
75 48
49 81
20 96
33 52
22 74
12 77
54 14
31 65
95 73
42 94
40 79
11 62
16 43
1 95
70 62
1 81
19 97
47 85
24 92
50 50
18 88
31 37
92 56
76 57
58 65
84 13
76 55
91 98
47 100
64 70
82 19
99 99
58 13
85 40
10 66
7 17
81 27
27 43
2 21
55 57
30 74
92 93
82 11
10 42
20 6
2 86
76 93
44 29
56 76
16 55
88 61
21 19
33 91
40 32
92 25
35 83
19 96
86 67
89 7
68 5123 67
18 10
48 44
41 21
97 87
38 60
25 34
83 83
55 34
70 2
19 60
1 5
5 20
57 42
22 82
36 63
75 42
22 55
98 91
77 17
4 28
28 66
74 97
94 73
18 45
97 32
66 1
5 29
71 36
71 58
75 37
86 55
41 87
21 15
39 39
5 42
86 9
70 22
62 41
17 68
85 33
72 27
41 93
66 88
30 6
35 36
6 35
100 87
1 30
67 58
61 80
20 20
27 77
89 59
29 75
29 86
95 73
69 22
36 51
5 50
6 49
89 88
98 50
19 79
7 55
4 22
15 53
99 19
27 84
83 66
35 22
66 85
61 1
79 29
100 8
69 91
86 49
49 60
40 19
57 19
50 63
44 53
74 31
74 11
13 94
1 85
73 12
99 50
79 81
22 49
28 12
31 79
52 74
82 22
95 61
26 66
39 53
55 95
16 78
4 7651 100
96 15
38 50
32 65
36 81
26 46
25 54
90 65
10 49
26 10
27 82
37 50
54 80
81 63
52 29
17 18
3 40
98 29
58 99
94 98
6 37
40 10
73 87
86 63
61 16
84 71
52 7
7 17
11 70
70 5
10 21
70 12
61 24
65 22
49 93
89 49
31 10
82 83
22 95
85 100
29 85
84 65
63 56
95 17
94 79
90 38
79 81
27 76
27 54
15 63
48 37
52 6
40 63
25 65
100 6
13 23
9 23
94 73
79 76
98 80
6 89
90 86
89 59
35 68
40 100
86 19
86 83
11 41
65 36
57 83
65 63
98 98
31 86
66 2
64 80
15 55
44 69
60 79
67 60
90 18
27 78
12 42
8 42
43 38
21 41
26 41
19 42
97 19
57 38
80 1
10 47
87 82
64 20
37 79
66 59
5 64
5 78
39 85
96 3
12 605 2
24 44
33 61
1 39
72 15
61 29
66 18
38 97
54 13
97 82
88 26
88 43
73 9
58 55
64 97
21 37
6 75
100 35
35 2
31 18
75 66
99 70
7 53
47 8
89 28
16 18
72 94
46 35
45 20
16 77
55 29
59 35
65 49
96 15
82 21
74 72
60 10
7 73
49 96
34 95
15 97
39 86
6 7
8 40
47 2
71 26
58 43
77 79
77 82
97 79
61 68
43 97
85 94
65 13
29 38
12 66
2 32
88 55
90 28
85 90
8 66
38 18
59 86
84 78
73 24
72 83
12 89
38 49
99 40
97 47
50 44
9 93
74 1
24 39
93 97
86 73
36 3
48 38
40 8
75 54
80 74
79 72
47 56
78 40
50 32
100 78
12 33
48 67
73 57
92 58
30 72
26 36
55 14
63 53
97 18
11 44
99 8
39 45
59 11
40 193 80
4 14
3 62
9 78
73 3
26 31
22 3
42 29
100 72
74 23
100 11
83 88
37 66
9 74
27 92
3 2
45 57
22 60
68 15
53 40
8 66
84 18
75 95
38 50
69 10
73 61
95 21
60 42
52 97
51 72
91 87
67 41
23 36
47 19
98 47
96 22
83 4
100 24
15 71
9 89
32 90
60 63
73 76
70 37
14 51
91 59
64 42
22 44
81 92
21 88
89 43
89 73
49 73
48 20
98 92
31 80
89 50
11 96
39 90
43 59
28 54
99 10
69 82
21 21
59 89
13 82
82 67
21 71
73 75
94 10
66 58
81 92
50 61
42 80
55 5
70 11
22 65
53 33
34 6
94 9
87 11
76 81
16 34
27 1
98 15
4 79
17 85
22 41
1 47
85 56
83 70
89 8
36 16
8 60
71 12
37 100
75 10
88 10
47 69
32 4373 2
25 27
10 40
27 79
48 41
48 35
87 20
60 19
93 91
51 68
41 85
86 98
64 86
51 96
67 40
91 33
74 87
40 36
93 51
52 2
40 9
43 61
45 36
17 69
63 27
48 61
27 77
39 35
94 16
3 8
57 82
73 50
13 6
47 80
67 48
60 46
88 61
62 95
35 14
41 28
60 14
22 90
69 43
7 11
96 94
94 25
92 40
77 8
17 75
1 11
71 5
4 47
47 79
45 4
100 13
82 5
81 62
100 91
24 64
96 73
52 10
87 23
52 98
12 81
3 66
73 88
93 58
27 93
40 93
16 37
57 62
40 88
17 78
68 89
83 95
82 91
24 67
1 11
66 91
86 47
87 36
93 31
82 13
6 79
60 46
7 85
36 33
38 97
38 86
85 27
58 69
30 11
93 77
46 24
65 48
74 40
65 7
60 77
44 96
48 1555 87
38 4
7 45
21 100
66 78
43 29
93 6
27 59
82 73
93 19
21 53
100 86
24 93
2 57
21 31
78 27
44 94
58 51
33 79
92 20
86 6
58 24
69 66
71 69
93 81
85 23
42 57
81 99
78 57
95 60
1 12
83 76
65 17
13 86
71 98
12 31
1 95
46 91
97 96
83 14
52 59
100 33
65 5
97 52
25 91
15 37
34 57
52 10
52 50
4 99
44 68
48 8
57 55
22 39
13 97
73 23
88 46
21 32
85 1
19 17
78 59
30 96
14 54
56 21
94 39
3 92
56 3
37 50
36 8
44 51
6 12
17 62
21 90
28 92
90 100
11 18
32 25
63 10
48 89
48 69
83 7
63 45
91 75
90 2
99 21
83 51
31 86
46 100
75 75
17 2
96 83
3 18
41 42
68 90
49 12
83 78
26 66
38 17
42 1
16 256 50
35 48
68 15
93 20
57 21
4 21
16 61
12 11
87 61
33 73
100 99
18 16
60 97
98 52
80 29
43 93
37 43
96 50
33 43
61 44
100 52
21 17
45 16
61 92
51 21
40 98
9 31
29 91
38 6
9 75
53 23
86 75
31 49
98 95
15 69
39 83
44 21
12 39
68 53
39 88
41 100
18 25
88 80
51 82
81 83
85 69
69 74
89 47
89 34
98 77
53 41
38 32
53 51
45 51
43 67
37 33
12 42
51 83
53 70
8 95
100 47
84 99
25 79
57 41
35 16
82 60
15 57
87 5
39 54
36 63
56 56
60 69
86 9
7 3
17 32
85 88
57 10
16 83
4 85
50 16
93 94
19 51
9 15
37 56
17 46
1 33
34 29
91 69
85 94
94 46
91 39
66 83
86 80
31 4
63 54
71 26
78 48
77 62
44 51
29 3072 39
52 97
14 58
84 33
38 22
76 47
92 31
90 86
85 81
39 48
16 99
25 2
48 46
48 78
19 7
18 76
96 45
73 34
90 82
23 89
28 96
78 18
38 35
54 54
38 62
50 51
29 27
79 83
65 1
33 70
58 97
73 64
37 53
100 100
69 17
89 37
41 96
82 16
23 4
9 31
79 17
46 41
29 16
6 71
74 43
22 47
50 34
14 75
86 45
77 8
76 33
57 33
11 74
37 12
71 9
44 49
10 8
26 47
69 43
69 20
94 10
100 28
2 1
80 9
60 15
8 13
96 16
8 29
79 30
36 27
52 11
54 64
100 74
77 29
91 47
33 7
71 73
56 77
6 15
99 34
27 22
98 52
26 63
94 97
81 68
65 80
8 22
16 76
5 79
33 21
81 1
89 32
39 96
84 79
87 3
32 29
67 70
81 92
9 1
90 9657 53
29 43
26 2
89 56
21 15
41 2
47 49
34 55
55 83
65 25
47 15
3 12
4 60
34 21
82 43
5 48
42 55
37 53
59 38
2 70
35 50
21 9
71 15
19 20
83 6
44 67
40 41
11 5
85 38
45 64
4 69
6 47
29 60
71 94
5 22
94 9
81 53
41 48
39 86
17 91
98 17
19 66
6 85
100 46
63 78
3 16
43 47
65 10
6 7
13 20
6 4
6 4
53 31
85 99
42 6
91 48
9 41
84 34
11 81
36 21
66 74
82 86
7 72
79 38
17 81
53 77
61 38
14 80
23 11
72 89
25 93
22 38
81 65
85 74
33 47
92 59
54 32
20 25
72 44
36 49
97 48
49 85
39 65
60 9
25 43
28 46
18 57
34 39
23 33
32 34
79 71
55 45
82 3
83 25
7 81
79 36
52 93
95 19
55 28
55 6077 31
68 54
43 70
90 69
58 69
16 74
86 2
30 33
55 60
17 75
39 97
5 83
24 45
61 31
73 80
85 63
32 81
64 38
20 74
58 58
69 81
88 27
92 92
24 40
69 49
48 94
81 76
18 61
74 59
46 94
61 77
67 18
14 50
28 50
43 15
91 92
95 53
2 5
3 85
66 90
48 55
2 59
40 68
52 92
57 31
17 43
36 2
56 95
27 3
92 89
6 54
89 84
13 70
45 11
55 92
19 78
88 87
41 49
83 23
18 79
99 21
56 46
25 40
100 53
63 3
89 71
44 90
31 30
51 62
100 89
10 2
13 94
72 8
59 69
53 45
14 57
26 69
82 60
76 23
40 96
13 74
33 29
82 44
14 58
96 19
53 80
90 50
84 65
5 62
99 10
11 40
92 68
87 8
39 17
13 70
16 27
90 8
17 22
86 27
85 8838 48
59 23
74 66
97 54
15 33
20 80
7 78
21 46
33 8
70 64
69 74
55 84
14 81
33 66
2 65
93 48
95 85
18 46
99 95
76 83
26 1
56 75
16 3
77 84
98 3
37 61
87 51
82 73
84 53
25 22
57 40
81 46
88 91
14 74
39 4
12 2
97 35
50 17
3 17
43 67
16 20
31 44
7 52
60 59
34 97
18 65
68 56
94 53
92 80
94 62
44 47
29 44
42 66
37 23
94 37
39 9
64 87
96 2
34 46
38 63
14 56
70 100
74 27
31 51
81 74
88 95
49 61
100 21
39 25
83 19
99 42
2 39
30 20
72 91
75 45
96 39
9 77
14 70
3 14
17 58
61 48
47 20
95 93
81 53
97 42
15 4
21 50
96 81
42 71
11 45
14 16
80 36
91 18
50 8
31 16
11 48
85 10
75 93
9 92
11 9663 8
49 75
69 18
36 70
47 49
13 15
60 24
9 25
35 39
47 17
63 75
94 55
17 16
84 3
75 30
19 42
63 60
9 55
66 86
79 24
47 65
26 90
71 33
45 4
98 70
87 61
14 8
82 92
17 2
2 22
85 43
28 75
95 68
75 65
56 37
84 2
64 50
34 64
65 54
52 32
44 44
76 81
4 19
66 71
80 80
37 60
40 2
59 50
68 10
75 72
55 48
36 11
30 38
97 21
50 80
19 93
29 38
36 64
13 35
46 92
99 43
42 75
87 55
91 81
37 80
25 16
52 66
38 9
15 80
15 27
84 59
2 70
5 47
65 2
2 25
83 27
86 58
59 75
50 4
37 38
12 92
89 58
6 21
27 98
49 17
76 93
77 42
4 69
47 79
97 80
22 20
33 64
49 100
1 7
2 27
92 11
43 77
99 25
89 58
46 1913 27
5 72
44 98
17 44
33 50
2 78
58 65
63 70
91 72
48 19
17 69
13 94
15 60
99 65
25 16
96 80
55 60
48 2
66 70
95 20
88 64
2 38
68 76
94 91
66 43
4 96
37 57
95 68
68 83
37 39
83 73
88 93
39 23
74 27
5 71
39 21
11 30
31 51
86 73
29 78
52 38
14 53
6 88
75 17
42 27
41 7
10 78
87 46
1 40
87 50
67 9
23 47
97 38
52 62
35 35
52 54
82 46
68 83
46 6
37 81
16 5
39 3
54 14
1 67
52 95
76 35
75 12
79 2
21 26
12 25
44 59
21 4
95 29
11 41
51 66
24 8
52 56
16 90
16 94
97 52
45 88
67 26
38 27
58 22
20 25
73 11
31 60
25 64
89 49
96 79
36 81
72 74
72 40
2 5
47 30
83 5
60 63
65 73
87 11
29 794 75
18 85
98 63
31 11
94 33
53 38
98 23
2 67
36 89
22 2
47 34
16 61
84 5
47 9
86 19
28 53
51 20
83 42
73 76
4 23
7 29
79 69
16 71
14 43
10 95
8 13
16 13
4 18
47 8
87 68
87 52
93 79
66 85
67 31
78 42
71 89
92 41
63 28
82 18
7 69
32 95
69 52
39 27
54 38
43 78
51 69
99 26
87 19
48 72
72 15
87 86
46 28
32 94
31 88
36 3
42 15
67 23
39 90
35 38
67 86
25 90
65 1
41 45
60 95
53 47
9 78
67 96
93 14
13 82
53 81
34 36
42 27
7 37
79 100
28 32
58 63
72 69
35 43
21 96
24 60
17 37
46 77
59 72
29 10
93 15
51 58
57 59
19 94
68 52
94 100
51 34
96 19
86 97
71 51
96 87
64 39
84 74
71 68
29 33
38 9965 84
63 19
13 28
99 48
81 96
70 66
59 39
56 99
61 51
43 66
8 28
56 94
45 98
80 1
71 3
75 55
8 61
76 32
24 88
75 49
72 61
73 65
16 40
39 39
26 92
41 60
4 33
83 90
93 49
65 34
29 64
56 64
16 86
5 98
68 31
98 25
87 8
49 81
70 65
64 38
69 79
35 67
21 23
93 15
8 40
86 99
73 62
70 71
75 48
88 17
96 73
6 80
74 35
20 70
74 65
68 62
74 76
12 58
64 69
19 76
34 33
67 99
81 5
13 69
26 77
32 52
44 73
83 58
31 64
4 81
47 77
90 90
56 99
84 30
62 96
77 43
78 38
88 70
40 63
20 48
61 95
28 39
48 8
70 79
32 50
35 66
5 9
3 17
40 16
66 61
83 64
34 83
50 38
5 4
47 86
16 61
3 25
62 47
29 74
38 3015 81
72 20
61 64
74 45
46 84
72 62
49 44
59 59
16 25
23 95
76 54
96 80
98 59
37 31
86 26
72 81
42 73
38 95
46 95
96 4
22 41
41 14
22 21
39 25
57 55
52 92
53 77
41 28
56 45
13 43
24 29
16 98
73 58
67 100
56 38
21 99
28 89
65 80
65 91
67 15
44 85
37 25
85 29
6 55
14 7
38 80
18 78
81 91
74 57
62 62
63 24
76 27
71 31
8 13
86 93
14 43
43 65
82 57
69 82
100 28
68 6
3 37
75 22
15 46
23 36
71 1
16 74
45 94
88 91
29 100
10 80
13 95
12 49
12 29
68 37
30 14
97 28
46 99
38 17
31 12
97 21
85 46
38 79
10 81
83 93
94 25
16 20
75 40
72 88
9 96
50 86
85 7
34 71
66 45
16 98
97 1
80 31
82 49
21 49
8 352 81
30 1
84 44
77 58
6 82
82 62
47 77
52 5
3 82
95 87
79 51
84 49
32 26
53 80
73 54
21 66
82 80
89 87
78 17
62 9
8 3
60 96
92 69
56 57
64 25
25 62
18 53
89 56
80 10
78 1
99 42
69 57
74 21
87 48
3 70
43 68
80 83
93 50
4 31
29 64
45 88
56 26
69 11
91 13
33 20
85 4
50 34
75 92
40 35
4 99
42 33
88 45
51 95
26 54
43 31
13 24
37 56
28 29
13 11
59 22
11 6
46 100
43 6
96 54
20 72
29 20
67 44
64 15
41 53
92 75
25 76
95 54
17 91
41 21
17 82
76 98
90 94
69 65
4 98
75 72
38 91
88 40
95 15
39 41
34 91
29 90
35 83
13 61
73 83
100 14
73 55
11 68
73 7
70 92
39 97
57 55
73 69
34 10
45 99
62 219 72
99 29
8 55
56 15
81 35
3 23
82 83
31 6
78 1
97 40
67 72
21 49
2 84
15 55
97 44
61 85
75 20
41 83
73 45
67 35
25 79
55 100
3 86
81 94
87 16
30 42
77 10
36 75
85 18
11 30
63 26
75 22
72 40
42 33
44 9
66 80
92 95
12 46
84 27
24 49
25 41
81 65
63 8
78 69
50 82
34 31
12 24
41 20
8 94
12 30
91 63
23 52
19 28
71 100
41 59
49 7
59 50
74 29
36 86
14 3
24 60
9 83
27 91
82 28
27 84
93 63
89 70
55 49
66 80
78 51
63 38
72 68
51 97
70 79
81 72
60 25
88 24
22 9
44 90
43 19
60 84
87 87
67 83
40 29
76 5
78 14
32 79
72 64
39 77
83 94
19 33
5 15
90 30
82 98
28 38
19 100
8 20
29 98
75 17
74 3039 97
47 97
51 19
65 35
96 2
78 34
79 30
37 12
2 22
14 45
2 75
39 26
99 19
3 9
47 37
16 53
21 22
58 69
5 62
12 69
94 96
19 56
80 50
63 14
40 57
64 27
34 77
90 1
45 33
84 11
3 55
39 90
3 68
65 13
60 51
65 53
92 47
91 16
99 22
23 44
15 21
30 34
36 43
9 56
1 47
10 25
1 54
63 73
33 85
6 54
15 7
95 45
44 87
28 85
63 70
90 81
68 92
10 1
37 94
95 1
32 15
56 98
35 83
71 18
94 18
87 2
30 46
67 95
72 21
63 19
96 29
68 78
3 85
26 57
52 29
97 50
54 59
22 38
4 10
59 37
32 4
58 80
54 75
76 57
21 36
41 91
14 12
24 31
76 76
4 96
57 37
79 33
99 74
20 50
13 50
100 49
93 26
13 50
90 3
6 696 4
44 48
13 3
79 73
91 78
2 30
64 94
96 12
63 72
2 89
20 60
65 4
90 76
74 96
58 37
51 4
13 89
70 66
54 9
68 42
71 9
70 30
10 91
20 100
49 93
52 44
15 56
35 60
50 34
27 2
34 95
60 82
88 67
57 18
52 27
68 70
21 67
74 64
30 1
8 85
78 17
26 22
78 82
46 19
63 84
46 70
95 90
12 27
16 10
79 75
52 17
94 83
45 31
1 45
53 36
16 39
26 65
40 3
11 25
97 67
59 70
62 97
52 53
73 79
1 99
50 34
61 14
63 80
46 89
10 48
85 36
75 54
65 19
14 72
48 17
61 81
23 89
50 33
61 66
87 18
86 21
48 90
71 23
18 73
14 21
99 26
16 52
49 1
14 81
12 5
88 88
5 85
3 43
12 69
39 74
23 43
73 79
47 11
86 88
32 5315 75
27 42
97 4
8 14
27 50
50 20
20 96
53 7
99 62
31 30
21 77
12 96
24 15
29 18
30 44
17 78
78 99
29 64
17 98
81 52
70 30
32 11
78 21
83 63
50 77
15 55
95 82
39 47
72 37
29 74
84 12
8 22
35 98
43 65
31 92
83 86
75 21
2 38
96 48
76 25
93 52
32 44
41 2
96 6
9 35
30 20
23 96
17 46
17 59
92 92
87 46
59 69
72 72
53 68
21 17
35 65
32 80
49 78
8 4
90 31
38 38
98 19
52 43
41 6
38 10
64 25
21 74
60 14
47 81
15 73
86 60
1 98
59 83
48 68
15 53
69 15
96 7
48 52
93 14
8 43
36 83
39 33
42 90
31 71
58 10
29 98
2 36
21 78
13 23
84 67
30 17
14 35
47 69
96 22
56 89
61 82
16 66
1 92
68 54
43 5795 74
40 34
37 58
21 11
27 63
45 10
97 48
77 37
35 44
69 9
80 7
96 86
37 55
18 8
38 91
74 36
54 81
58 25
43 6
45 71
93 63
51 30
89 93
93 90
72 12
89 82
90 81
87 14
13 51
30 28
89 1
80 52
21 63
72 76
45 35
86 64
7 43
22 85
21 80
99 89
85 9
47 52
33 50
91 74
38 56
81 5
27 64
86 5
94 68
11 94
78 50
71 71
1 3
82 34
90 19
10 36
24 40
63 55
33 60
22 33
89 64
47 1
23 63
95 42
50 9
49 24
14 22
21 24
54 55
59 94
62 36
19 14
58 39
57 16
22 65
88 49
66 94
100 16
25 15
88 85
65 5
40 25
57 61
84 59
16 52
93 16
95 76
85 94
30 20
81 74
81 25
45 12
80 78
88 100
22 24
65 68
39 27
62 90
40 72
51 5632 49
9 93
65 86
17 54
71 78
55 66
73 29
71 84
1 33
35 76
52 81
97 69
51 9
5 6
94 10
66 63
45 89
93 31
6 19
22 92
4 45
95 55
26 93
13 67
91 93
13 1
82 43
25 54
78 90
75 5
4 69
87 47
54 46
70 49
84 63
21 33
2 37
69 30
60 41
85 82
7 84
35 77
69 5
96 60
64 75
86 12
4 30
55 78
74 16
56 92
62 41
13 66
13 94
1 34
16 72
47 89
32 77
63 20
95 49
14 88
9 98
16 22
12 84
24 2
82 21
51 35
48 98
67 29
69 49
64 75
69 3
4 40
32 19
90 41
91 96
81 28
5 77
43 36
75 65
82 85
6 86
52 39
55 38
59 71
45 48
56 66
59 93
3 95
33 37
53 100
17 33
78 77
71 75
22 21
82 10
100 5
38 56
65 51
22 64
28 6410 49
22 82
55 99
25 66
76 44
90 98
6 30
16 2
64 27
9 29
31 74
3 51
93 82
87 51
5 25
98 96
68 79
10 72
60 65
22 20
57 41
54 94
40 88
64 53
32 99
99 37
52 39
78 39
16 60
79 4
36 37
98 58
47 58
76 23
82 30
29 67
16 73
62 32
9 38
93 45
23 15
10 52
65 50
70 21
55 34
15 53
40 35
8 12
83 31
61 71
41 31
90 97
88 66
32 25
93 17
57 62
60 77
57 39
40 22
30 65
38 4
73 7
28 8
99 100
35 32
71 25
70 36
23 4
90 30
50 96
6 29
20 39
64 43
100 49
95 56
79 35
81 99
99 89
48 76
56 4
76 43
47 48
64 93
9 74
70 36
82 90
22 46
55 77
39 7
75 82
29 80
77 23
31 97
67 71
53 34
38 66
90 35
66 77
39 69
94 404 60
30 78
57 3
53 21
57 79
42 11
71 13
79 53
69 72
51 10
90 83
74 35
29 51
82 11
72 36
78 62
75 55
96 1
33 65
75 77
58 18
68 67
95 32
17 80
55 71
9 85
47 66
91 16
76 97
17 2
94 52
32 24
93 39
70 81
100 43
9 46
93 72
27 39
39 21
28 50
61 38
19 73
72 5
86 75
84 89
77 91
81 51
89 46
64 58
34 53
93 50
62 84
47 14
90 10
87 27
84 13
10 9
75 41
58 26
78 41
61 21
20 53
45 5
88 24
48 67
54 30
100 22
74 47
88 86
81 28
93 7
36 6
11 49
96 57
36 45
52 74
15 7
96 9
11 68
42 38
63 82
9 7
38 2
54 55
48 38
13 78
55 53
96 82
84 12
81 30
90 7
27 89
70 17
3 62
54 42
35 72
59 7
30 65
74 99
38 2846 80
48 91
52 80
2 87
77 8
40 23
45 8
80 16
45 5
51 17
30 95
62 17
82 82
79 74
12 29
77 5
27 86
47 40
73 45
99 26
2 16
60 89
4 80
82 34
65 26
46 92
48 77
55 79
6 99
11 77
13 55
36 44
95 27
78 40
36 60
69 50
30 20
53 71
63 22
94 74
74 32
87 82
87 2
75 68
43 87
62 15
91 58
34 27
18 52
13 24
35 60
28 25
70 60
95 33
42 23
80 70
80 36
14 80
27 30
13 53
79 77
88 31
44 34
96 20
72 15
92 26
29 94
99 50
18 56
25 20
18 6
67 36
19 84
50 52
60 11
19 38
24 33
52 14
56 50
25 29
60 66
84 41
99 26
83 73
70 45
21 71
50 36
87 9
74 82
77 66
55 71
30 95
7 51
60 19
25 75
14 59
71 83
91 38
16 71
92 33